0.358341769821859 -1.02252551632892 -0.311522614624289 0.233271183618124 -0.506146976434642 -0.859159194183309
0.0995943493129716 0.00402121683054222 -0.072033824694308 0.676907627007376 0.625724305221452 0.578188464863041
-0.769498261577 -0.909585727942676 -0.718782094843409 -0.754811719397474 -0.749484048486702 -0.754309787786497
-0.991886442634971 -1.05689234198254 0.244502944053976 -0.58773127101048 -0.543075879986156 0.213563515005338
-0.192029169832294 -0.177673044849641 0.0783714694478991 -1.44997857129491 0.367452226833424 0.602010672105383
0.417983576157505 0.667463158427044 0.35959503192633 0.920229471626917 0.996225844914119 0.922012441287186
-0.797035990093078 -0.62641551516539 1.80078912939368 -0.292524509807769 0.0625670461545851 -2.23316892632606
0.193456116600961 0.16674676368735 0.032468999235058 0.758369616763557 0.779464606605767 0.638034458011476
0.0368579381328897 0.0697339009933349 0.0494157573802598 0.638128308421022 0.681616630193174 0.658725653229167
0.458910005855471 0.372667428634899 0.266344746543161 0.880909865688444 0.824769437102994 0.798324606343642
-0.907593489162849 -1.046800926883 -0.889977875977087 -0.501177882515202 -0.351017745349796 -0.466489573990706
0.453704104966581 0.703374638627432 0.437215408740051 0.865410688393981 1.02064530609027 0.961839165684194
0.120957630066583 -0.876328334730709 -0.745753943687272 0.124372005587807 -0.0541961369991182 -0.193437581650131
1.03158734774761 0.92376380241538 0.808985466491035 -2.34562546676762 -2.17346912524738 -2.31337334627493
-0.784209246196277 -0.7731557390752 -0.861416732669108 -0.795915597806996 -0.725187670243616 -0.363626677969307
-0.866974696512319 -0.785660227998081 -0.621937324554897 -0.284715731501314 -0.393408810504094 -0.741616253818586
0.528743839156108 0.564555179049603 0.35275191568085 0.988320675144394 0.95895691574893 0.917832113144614
0.142249895015202 0.134363039962482 0.0891429936893243 0.570581037509771 0.61863423116593 0.584900710825083
0.799157373466786 0.774047023297163 0.689345262276991 1.17969955903021 1.11267409229414 1.13334534601806
-0.265509293285646 -0.107483742003556 -0.123954102095334 0.367243753028978 0.489580998884585 0.476924028844312
1.02679546102222 1.44948328790506 0.815830977283289 1.16461338349263 1.2882899142727 1.15340029044655
0.914263965359975 1.25116618384754 1.01802314577337 1.18512209614308 1.28950254866685 1.30638331590411
-0.78206196414709 -0.66868587708697 1.31064501988705 -0.785120605300281 -0.827878861369858 -2.39788001585626
-0.0576877131490179 -0.0690981754448472 -0.0316952638840031 0.487964943974697 0.538865481112027 0.529195721674834
-1.03344737797916 -1.01810998197531 -0.824322481551679 -0.561045057799614 -0.691088178817876 -0.404811989910922
0.379614037115335 0.186505302121237 0.228106231695879 0.616382514201846 0.539791542217969 0.533986495795267
0.689559196986896 0.851695933636468 0.662804660620141 1.05149543322685 1.0568843453761 1.03114488512299
-0.277379571005834 -0.252392280074654 -0.32995854298625 0.445156889350939 0.465238291931017 0.362914536178088
-0.96646914211784 -0.795219299836954 -0.921242504238366 -0.540056760009022 -0.166408388877408 -0.616933976362531
0.760246578504576 0.589425072531095 0.657715102575536 1.08241629385435 0.993295015836416 1.06687538479724
-0.521078603583976 -1.06226808069194 -0.383963453093297 -1.25755602949788 -0.363164354210194 -1.35151694270225
-0.771892531803454 -1.05571603285152 -0.29309345586104 -0.0785435045824941 -0.530312141722758 0.188523935735552
-0.944619716214149 -0.992857408736103 -0.611969838825482 -0.674278205539563 -0.222886527874089 -0.976113070761932
-0.904093159759031 -0.744660416230628 -0.271519540448327 -0.236742448718118 0.0158353737550156 -0.165960986632162
-0.921996689566589 -0.988132089423316 -0.838505675282675 -0.510503835873101 -0.107271151265609 -0.490062461761508
0.793887900883992 0.544599678807114 0.56558125432853 0.978773697228747 0.811877802916291 0.90995802282482
-1.01359854073466 -1.0920648065357 -0.786949632289097 -0.374111123240955 -0.423519662798597 -0.453636978505433
-0.450299136315901 -0.687619447790326 -0.601728917420258 0.180704884954602 -0.922772292216112 -0.770326340775629
-0.53992274909372 0.415001589645906 -0.0963306580085116 -1.34832363635834 -1.805830906714 0.242856054652903
-0.892460423963121 -0.205416931144354 -0.755034883294201 -0.757468691927307 -1.36269971007426 -0.856760329943852
-0.506249086930028 -0.986072372130982 -0.797104248167526 -1.2112697004154 -0.346398025734139 -0.417277964282233
-0.923877193516621 -0.419570496026314 -0.403350026798511 -0.847867400910833 -1.39156986607189 -1.34458734505122
-0.679535531190683 -1.05422203260546 -0.755550899475025 -0.995428227557584 -0.58915246724061 -0.852608115603409
-0.153165144663466 -0.095602693061972 -0.117622034685676 0.468582816809719 0.555543214137324 0.519264233139527
0.500139894029756 0.544963220899105 0.270442582326618 0.806058057856966 0.879634626741994 0.805835466707062
1.09582259519848 1.12856197886014 0.809267987204151 1.30973150135051 1.2237513790895 1.19442366669493
-0.239347235568978 -0.127513780573027 0.0516424600610592 0.185985674438306 0.416484963994916 0.534055996388734
-0.859335957431263 -0.931229752712455 -0.243280970648565 -0.392541106492241 -0.4144797885472 0.33362267958364
0.0233961984368152 0.0444946374134283 0.0244517653780514 -1.73296114565274 -1.78166296607458 -1.81748464644649
-0.416906018669378 0.0693879238875207 -0.153559943949696 0.255503898290357 0.627034175003801 0.463837096517872
0.080718871184066 0.0665969668522088 0.00500636991302155 -1.87244654887106 -1.81218812693405 -1.84471224924074
-1.02019751222272 -1.15347769886879 -0.81770233917509 -0.694473572726751 -0.558480937121164 -0.297752827793714
-0.967976823522194 -1.07374359984577 -0.867718588831782 -0.516504413219751 -0.471025640327617 -0.41426820969728
0.154884425884172 -0.148339497768729 -0.31533379332464 0.73405084180843 0.564784533141753 0.295159218603853
-0.891822098892279 -1.0766880959167 -0.753991925528257 -0.458120401209943 -0.335471133809085 -0.346821237433255
0.498249453860881 0.47902585214246 0.235286061802813 1.02509604533287 0.964745560430186 0.885550479853527
0.393228659629488 -0.914068981885858 -0.577250180574647 0.653532673513321 -0.0403516396702596 0.0126241518636196
0.350978528971677 0.551943052275216 0.512158764104776 0.868554506279414 0.927790453511812 0.955370393981704
-0.670638195010115 -0.82427825544582 -0.730430823543036 -0.57803598590557 -0.288231808418543 -0.291985260921335
-0.943053377736368 -0.970179087434584 -0.874144265359035 -0.782048302950367 -0.66395828384498 -0.483747349142938
0.33131249174434 0.500461441619646 0.387270113145819 0.847300859761447 1.00717777337351 0.993925104348718
0.241625064364813 0.321702398173803 0.316206109749174 0.799949017222835 0.841170466001089 0.892407177769757
-0.934799918741451 -1.12787818598062 -0.837216072341473 -0.614186355839323 -0.478689598906823 -0.509261441897754
1.11208856276324 1.19240874373561 1.17937256611175 1.25891388692479 1.22986858066887 1.32565831171615
-0.408724125643414 -0.997048603167723 -0.855071037945462 0.293689164065356 -0.96786898438814 -0.33678028804509
-0.866765522423506 -1.10652282761594 -0.690781023342834 -0.452307808143492 -0.305454743009288 -0.238046289434345
0.213398033044245 0.229250645089293 0.230822397634777 0.782398308494221 0.736084891232888 0.743442469875333
0.752874428857685 0.42036148774255 0.344730486617604 0.998152838108767 0.820354243607264 0.760945402649976
0.0767268277816218 -0.0859812124768965 -0.00391683248378351 0.688582294282026 0.579053743496831 0.612385207630799
-0.617150494044961 -1.0896928015536 -0.806807526963446 -1.08341300100366 -0.737260782875742 -0.496207852343169
0.444404863387651 0.433435101066061 0.413394089376541 0.91464339609459 0.873534606740252 0.897408020925951
-0.964628007210606 -1.16445940446539 -0.886218366292733 -0.819810272217405 -0.551627229830008 -0.469292993924383
0.325955278751276 0.397476365455403 0.265325436029805 0.819635414135125 0.889258593944709 0.857282075344865
-0.916247775353877 -0.944486285980759 -0.631529211283781 -0.525718677042943 -0.281199755507697 0.117767917448561
0.0983899889460139 0.161078796268237 0.00234042679515076 0.714578230122405 0.803482720442465 0.691748364825086
-0.50501544410941 -0.589193593276029 -0.851456252754028 -1.24270175130971 -0.73460662045623 -0.454449284722208
0.482967186687858 0.686398903879347 0.488080172513879 0.876294050284409 0.919186859548314 0.899375418278847
-0.885628205290051 -0.939376781084243 -0.680849560118639 -0.9165561157487 -1.00584900618922 -1.12881493754071
0.379279375209371 0.48112552257126 0.212146200625344 0.798233992912667 0.806014599126124 0.696384270561511
0.494170795053762 0.467847921481052 0.456772025394804 1.01228812666705 1.00456493520107 1.02300496925212
-0.540374641515349 4.10968365173214 4.17514357032248 0.15663890364807 1.53545104105989 2.16582242739404
0.104443875872684 0.0812382275884264 0.179114774816201 0.725876657810588 0.747384366366209 0.780392748886548
-0.946896983142026 -1.09426184716024 -0.452548179966262 -0.69701969935297 -0.34924816504592 -0.803811560975303
1.06307328407863 0.464361756953727 0.816827485945703 1.05894559253817 0.884797419364642 0.949303631200158
-0.738359984136074 0.284559366761722 0.262392501696483 -0.0709484275312435 0.818714358069089 0.824077406751987
0.654469788350055 0.987271872287311 0.631085467117151 1.02279509292537 1.12436737695749 1.09351408568159
0.856378680923447 -1.02069056109215 -0.627421397861725 0.855175851426211 -0.471796820820226 -0.956341982859892
-0.289778353931652 -1.06859735460828 -0.817076492831779 -0.0619398844945775 -0.151885822520909 -0.241991661494869
-0.0463657118723341 0.129538548545864 0.096527311160952 0.581238713820871 0.715239026262398 0.716482752163635
0.0739338659033375 0.317240289672801 0.267753492661515 0.619515816051499 0.87874405499013 0.870722987368765
-0.99920587755132 -0.820657002910437 -0.672058786376065 -0.540966136434565 -0.822782778485246 0.0430235429351224
-0.772354321085371 -0.371359839411638 -0.650079394418556 -1.13312771991514 -1.5597744398617 -1.21118703924217
-0.974984096503027 -1.16710616214276 -0.89997129376348 -0.470179234252299 -0.514316825167736 -0.618332759409159
-0.69714261347594 -0.841464234294259 -0.590495750585148 -0.950890857774611 -0.940949947879066 -1.01474007478304
0.714001399876541 0.807130049937495 0.555104330589475 -2.23570253815613 -2.20107345317542 -2.25035275865842
-0.792674336041739 -0.881132074776726 -0.734958793358508 -0.718411756796868 -1.0747286162389 -0.398541914053827
0.361465314021095 0.405157962091391 0.106090191592578 0.794923201117255 0.803645140216027 0.706583736715559
-0.00576182402154774 0.00113773697393361 -0.463148781095667 -1.36068350247091 0.572421465850852 -1.14985162699463
-0.481500444410504 0.275999024628461 -0.670277890824065 -0.562044992637341 -1.18758175254973 -0.398951651296075
-1.0072436528969 -1.12223588880311 -0.854721640004605 -0.464314750883045 -0.279160514345013 -0.400049993789555
0.902662107617914 0.985058814050454 0.793894882641613 1.1469983095204 1.1341688641392 1.16407338306214
-0.692680487596648 -0.852922147019084 -0.837980768069521 -0.234159039522297 -0.666512488752695 -0.555010517871876
-0.692718125518299 -0.859956576777701 -0.730596186726971 -1.27523677404144 -1.15188643623349 -1.17705127263988
0.55223482321733 0.609013605999003 0.336489208241501 0.968310760294986 0.975999187622445 0.884251730385471
-0.316699013833793 0.26265924743493 0.21157475379123 -1.64970880979533 -1.96377388616655 -2.04415177169331
-0.854978176539553 6.44223850932602 -0.558615149613711 -0.974570142589967 1.88405372600373 -0.272590343367205
-0.803230274899506 -0.259499107683052 0.287052202259845 -0.246322272698316 0.0219614461171431 0.453210800187113
-0.688078229994966 -0.755845444345625 -0.638330937282358 -0.181571856082781 -0.0537412922196891 -0.254511992856262
0.16885734768292 0.115149386477533 0.611304146194338 -1.5213698197178 -1.19904273676657 -1.00951228941753
-0.756249877487193 -1.08559746310083 -0.578541850588535 -0.628381009421461 -0.524288770645651 0.04884632287574
0.291967073287765 0.377033566550325 0.262281593675563 -1.97575702288536 -1.960994159374 -2.01860384096668
-0.324741854425877 -0.976834765646289 -0.295187816361524 -0.164862917794676 -0.481371362690306 -1.58586653063196
-1.02182130990805 -0.879020315280043 -0.918987019786419 -0.918859628798345 -1.10360597596494 -0.867188542596307
0.482958445131466 0.391837067574788 0.385056901064891 0.841223167961365 0.804567540767032 0.836081436225476
-0.0924099588164921 -1.0739400122599 -0.875272303956733 0.386711447463702 -0.228139688991432 -0.389369186969752
-0.763440753397536 -0.757584231762938 -0.759288859602658 -0.231594136459479 -0.0619521301200013 -0.378162880397391
-0.641492960988779 -0.801744578614937 13.2358803238317 -0.527915994435322 -0.536954391002923 4.21804766400676
0.383911124959485 0.134095887684677 0.12315796251457 0.864296116974878 0.72701392941873 0.714896310716914
-0.998272861939992 -0.776768073947199 -0.44334579872014 -0.307078073968959 -0.339755978221554 -1.22995902631912
-0.963344628187274 -1.06043635374935 -0.852661792741697 -0.514628494911117 -0.547889620102649 -0.538573369967025
0.43494553212038 0.38849777187364 0.429724900895438 0.952973931184361 0.961636788402999 1.01675398370979
-0.835361721205349 -0.846622247448168 -0.717232844682627 -0.947437706960348 -1.04652872401909 -0.996578348933843
-0.89808821141968 -1.14438797834877 -0.707709784819257 -0.647359432492214 -0.644758166450833 -0.92687119577995
0.338472316888954 1.1789003709091 0.626731918390753 0.723510697942008 1.21185371571136 1.02886859587569
-0.600026863606084 -0.754572596102075 -0.791395648588029 -0.23896034003632 -0.0678353156010008 -0.352492304521143
0.741503841852587 0.941255524708534 0.826198052119817 1.05105572460963 1.11518674447301 1.14941769399986
0.356923884898852 0.295010641476265 0.0855263095758895 0.702672352377589 0.650924934231993 0.556611215638731
0.37261959360367 0.490875490526077 0.36470313573398 0.867283207166298 0.885529848472944 0.840770219883291
0.418046348465575 0.3565262141467 0.245215517423604 0.892827123960292 0.803868275390456 0.801373869430416
-0.676199220963853 -0.859645388121509 3.40759635785268 -0.993639480547589 -1.07443372439184 -2.86182545035419
-0.0292788137086888 -0.187699773437751 -0.138546814503016 0.28947413346879 0.158882022939725 0.288740957528042
0.488177207127744 0.262785265480393 0.674110171151258 0.659497956936019 0.525036273899173 0.745069488938235
-0.889559783017894 -0.60642995428262 1.85500321241215 -0.917524920281979 -0.00293459116188816 -2.72405961290235
0.259121146976085 0.395288960834832 0.287137877722479 0.700566434663879 0.795417868474897 0.791969050515231
-0.977135289921738 -1.11055555600273 -0.871721455992352 -0.516210687868909 -0.623600145596903 -0.546071684890216
0.412191999762099 0.487058896299472 0.388906712322547 0.887592659876572 0.929897983373334 0.920047194236552
0.398347300210959 0.245904675427998 0.241177575910651 0.906507703466722 0.839723266958459 0.857262287603961
-0.615562543781169 -0.448844694807319 -0.809566588257345 -0.823236321223491 -1.20272817842184 -0.773471569099327
0.405299313849442 0.345620632304919 0.274637151673506 0.909132920793537 0.851901411858197 0.861485847579097
0.0599473414210262 0.14007555437243 -0.0108344456336435 -1.8111010043917 -1.88341766959026 -1.77737266333617
-0.900435490502141 -1.11498903783673 -0.829083698841183 -0.547162443503569 -0.605397858526298 -0.685877587931273
0.0193291883133554 0.314095362064341 0.046759348297552 0.484084140582664 0.800067434462312 0.659277460589592
-0.398000620020269 -0.767359988166642 -0.632940949792087 -0.55387906925315 -0.247486018054836 -0.342097676223038
0.350180223075953 0.0809841144247325 0.243928967291228 0.865355685086736 0.614294901304544 0.809942521743442
6.20992599045746 -0.621519621548569 -0.835760405000843 1.86500434159549 -0.146376432137418 -0.413568798842644
-0.513350986402718 1.59984428221031 1.00401984349862 -0.201890208824692 1.19371849029104 -2.17409234283891
-0.870082288164714 -0.756944637478393 -0.688038392129924 -0.353254355684106 -0.546170463082774 -0.221578437426674
-0.427041258722282 2.00710582816342 -0.890974865786754 -0.906941985085478 -1.69429982777833 -0.406955225964934
0.835968605619603 0.799608971061065 0.591786196306239 1.22430181783311 1.12670068672005 1.10804970704381
-0.95602706698238 -0.658433829048244 -0.86395604790477 -0.545006647822102 0.170030245623238 -0.463667845919689
-0.303543567507457 -0.619284933988926 -0.199608638488948 -0.331883634790042 -1.07722712670736 -1.41327021378998
0.277428447648744 0.343401449795983 0.168302056717666 0.832661778558526 0.873725353522709 0.785007791622613
-0.836586107546505 -0.989046407565994 -0.750720459599463 -0.620276750239976 -0.615715603011902 -0.762543567847605
0.577379100077791 0.394773574586436 0.231497381308642 1.03246645769916 0.899947948574079 0.840055459611859
0.598803408419564 0.624122293173526 0.32967282144669 1.03780267771884 0.993576205038544 0.906386911508613
-0.805288492972815 -0.832308500905426 -0.583881922439505 -0.70341494703523 -0.159097902721032 -0.557523606494338
0.110498740922434 0.227472867316422 0.242904513420666 0.636210566145474 0.736171370831856 0.781596399586447
-0.817137521843098 -0.875834420532045 -0.72425734866015 -0.189702632482783 -0.150954412648941 -0.14989210675745
-0.867891269060344 0.70055645884956 -0.85333425379259 -0.87541502848013 -1.73226015502874 -0.473939040258393
0.472840963177113 0.46340431298609 0.401040744372772 0.918171610383524 0.891147995438602 0.89687779443722
0.350018871532033 -0.938858116758362 -0.0843899281706715 -1.63393156237475 -0.316746030552586 -1.21730330611659
0.815906465916884 0.992678265206839 0.708746259565041 1.12313640231372 1.16094832229077 1.11823832567183
0.600707318131662 0.652141414362111 0.395068531783424 1.00339337026263 0.997677649270697 0.898922368583161
0.593074119994674 0.639680047120385 0.627166021398154 1.09386051402227 1.06541620354852 1.12148883125722
0.400798033846199 0.4821473819312 0.183199884982929 0.924849425659037 0.922612655633685 0.81688294751572
-0.948114469873837 -0.819209362644256 -0.753298385040136 -0.548404386932647 -0.621489530311538 -0.248528211763362
0.712174013281816 0.979787767490523 0.871456187315207 0.97093908982742 1.18330922717212 1.23867337733651
-0.874415111909309 -0.552963170975105 -0.702716684136839 -0.304459192421102 -0.403209122516109 -1.02687155303735
0.281493060581921 0.324214573793614 0.294267541506314 -1.95974180266586 -1.89968273803845 -2.01376269353466
-0.946252622785449 -1.11703639937294 -0.925236982202681 -0.549441362441338 -0.70995092080018 -0.678159574393855
-0.789037660142109 -0.532443029478712 -0.752384940699462 -0.121056979930425 0.126585743680046 -0.227073882168827
-0.230289712575764 0.292012056058526 0.154953512546686 0.480956818272494 0.826757497408093 0.742019901179245
-0.948097740689891 -1.10705375680199 -0.888787217793415 -0.41667335928294 -0.502170118382617 -0.641724625793754
0.408791836198827 0.370418253275368 0.308118956800495 0.916770867002207 0.841668841963305 0.863368227923096
0.215911142445713 0.205436373249042 0.141007282710235 0.796793630751048 0.772492034410354 0.723350017912964
-0.368383343524882 0.474946798014945 0.304216551227968 -1.18246455711818 0.845221317315505 0.816748863046834
-0.548666108067649 -0.958717159793498 -0.400163842584072 -0.225906596058593 -0.500791031144755 -1.10640653290545
0.844305144337496 0.41541056801171 0.323925070901992 1.11045060872131 0.861699854832219 0.865882207617088
0.95477697971925 0.724101884851624 0.373756937832112 1.21844896115984 1.01867198242147 0.85843042363263
0.740415617410675 0.732619157849825 0.732184665550304 1.00865346550404 0.976948753504235 1.07455052092732
2.38044376491065 -0.540370487003401 -0.732946275514193 1.4004480496675 -1.15970335006029 -1.00700963125971
-0.903991243676677 -0.657495739434514 -0.725915640466692 -0.598913284245089 -1.22705367526752 -0.855413751788952
-0.369420709553133 -1.09548384471137 -0.853033936074416 0.0486621140788009 -0.567507586526749 -0.437912242148371
0.511310038085824 0.201968151226702 0.203727846287652 0.971017403019686 0.759652861425896 0.796504184640121
0.211905257659973 -1.06344573469296 -0.828523887106954 -1.34516513755893 -0.747361536973873 -0.432067314347659
0.291450164186045 0.210633912833005 0.315572188709779 0.803813379983151 0.762848386873784 0.872273292788612
-0.875585768381562 -1.07571051225114 -0.889790477303972 -0.361384603441345 -0.548853864928715 -0.456773888157332
0.486069864896649 0.424914991497043 0.537522384697274 0.885721895674299 0.820872523372827 0.920842932721973
-1.00266729973948 -0.903824256743822 -0.8526925498591 -0.519200038471149 -0.363526111737578 -0.36965484096689
0.172473362715031 -0.134221175160028 -0.0475725550219873 0.751741564276789 0.519153800800191 0.550832224903244
0.702693159781315 0.683948819042916 0.406939712314807 1.039123908393 0.933460871774581 0.86338472417771
0.825805958654965 0.851881428848362 0.609216092802142 1.17781320135 1.13461628609446 1.10133206220984
-1.05061322400189 -1.10645559881351 -0.725779730827903 -0.559526795253662 -0.435319111139867 -0.519081366132212
0.154179571586653 0.235544422021388 0.143383288864771 0.825251894201805 0.860307554388955 0.823208878770952
0.149792109815326 -0.4347098234955 -0.727944175758594 0.733502595177976 -1.22841516987007 -0.621559106708102
-0.858940722263839 -0.972679414706955 -0.81741302160429 -0.963583381570431 -0.350557932023608 -0.765828114096039
0.26930021715265 0.666658166346074 0.647516103002726 -1.84841408452714 -2.12290774803514 -2.26683036376565
0.0987728670263568 0.301520941133217 0.12059327625475 0.764381633684254 0.852016863097511 0.802675839898596
-0.566871723626963 0.366416457890902 0.369093561615558 -1.16895039086026 -1.75802987039125 -0.899799262043995
0.578499005690213 0.267232672944752 0.0968034325587174 0.981732712898068 0.749103516255582 0.654286957965109
-0.953670669193587 -1.00426938395101 -0.871134731348349 -0.658901546259713 -0.189896108936993 -0.591687781520135
0.450675621587462 0.454234532650302 0.288147038272622 0.905070132943993 0.895843050319779 0.862111689442888
-1.04248552971919 -1.18348298166234 -0.837373523826288 -0.57401171768181 -0.442242385457821 -0.318842897917979
-0.568462771128092 -1.13184125330016 -0.825278189698663 -0.0157127970577212 -0.536090402115929 -0.706291818945087
-0.689459839997768 -0.704522546926017 -0.807411083150189 -0.975770906669215 -1.13919983774636 -0.879608347478794
-0.742671775383339 -0.964749490825389 -0.781893416086896 -0.694350296664034 -0.986515083501124 -0.351338472655153
-0.858670024412942 -0.775183454991349 -0.221872999064884 -0.609326968724532 -0.720302991943024 -0.160257872648024
0.113436162396762 0.304091219547706 0.249732781603947 0.573144972531545 0.769027144525408 0.75745183204319
0.503469012213164 0.098365284908954 -0.599796616262101 -1.40055415820495 -1.27286952024083 -0.461445798746347
-0.269370789125605 -0.582076036957323 -0.160102180983745 0.411136508668014 0.240530373694448 0.363019800051595
-0.969413455914012 -0.987785592011629 -0.804092432343603 -0.59610668889437 -0.285902654199423 -0.592002848848243
-0.843616028710383 -0.988576408867041 -0.77950701942285 -0.785273454511675 -0.602133610698371 -0.7667857399987
0.267321806515401 0.683336977723516 1.47958826232179 0.580742516574907 0.816900625921987 1.20147796724457
0.0614953080795075 0.329927250934412 0.353474321884489 0.556256213747563 0.836457049857431 0.86913370226173
0.299517089100457 0.115879337581793 0.0496106999038923 0.806243168741961 0.717967896949587 0.674391096767089
-0.915764026627384 -1.04785022615036 -0.553826788532165 -0.552080482962646 -0.395345510829572 -0.19216812844602
-0.870123176821451 0.610910458475943 -0.510407960489477 -0.883783146541476 -1.37651728114838 -0.89975495302457
-0.829156205907888 -0.949142143870273 -0.838783657395106 -0.121576342839781 -0.290431504722179 -0.473224907931548
0.590697946131056 0.485049306941181 0.330982456034833 1.01502362016535 0.916783936197722 0.878005790855929
0.0647060160966004 0.157238906936041 0.140014928971714 0.62935367602152 0.635053990292166 0.668940775576899
0.522469852880757 -0.292803057956215 1.3146230901838 0.9522084718988 -0.694086786936921 -2.23795391926551
0.218238958098734 0.269522004905156 0.162522001882456 0.659620868608754 0.695430802436353 0.67674568140386
-0.812375181254433 -0.0628143140079316 -0.790713196138405 -0.708321614340251 -1.3704507056029 -0.416158499728503
0.599364439409997 0.752592618153074 0.341923488318864 1.00438554923628 1.02239022981985 0.83641753664814
-0.885029489273608 -1.05002371822472 -0.849179524265354 -0.745295752838698 -0.641285379285187 -0.717470817629345
0.976852915794711 0.787026413887638 0.435241548618571 1.19375730646806 1.04317835907305 0.943782290045738
0.434108354407404 0.552025647693188 0.29252500881443 0.925461140233183 0.967115995348121 0.883560534981529
-0.688911134480214 -0.969252109337189 -0.728153229053503 0.0178965662355771 -0.468091632057352 -0.19762810139984
0.665406550982248 0.666560681215365 0.458354814488106 1.03888848770757 0.982316863719034 0.932107295030438
0.036415238813565 -0.039243029221563 0.0865199472815876 -1.66349915239865 -1.61525062829958 -1.75134470595051
-0.923022932418519 -0.945503850710345 -0.5888809721928 -0.524992453518409 -0.353893996882123 -0.562863162697267
0.392595791876228 0.663268880433936 0.436191900107099 0.824475722403475 0.908649538700853 0.872166904724237
-0.486546421760485 -0.529402336171234 0.400573200562486 -0.341698544139188 -0.898327286881115 0.586447136960908
-0.793342449686583 -0.636192798534287 -0.804940340716017 0.0520623945614329 0.324764842158393 -0.22804212515827
-0.9651642408578 -1.11921112957564 -0.886449475696303 -0.130137685843601 -0.690542476469434 -0.615691264652135
0.46432612003909 0.481140921519484 0.560701099239533 -1.96099914404745 -1.98897994529411 -2.17079467176774
-0.378638903898152 -1.03455696695905 -0.85787892783343 -1.27548371649175 -0.499030622674338 -0.328964788111475
-1.0014935573343 1.32202279343747 -0.738258509995767 -0.546447205044804 1.28561895415589 -1.07848937355736
-0.92888700186468 -0.854321263875301 -0.64207560406672 -0.683590375327851 -0.879651796887147 -0.919222747231681
-1.02200550829793 -0.913033033864629 -0.478920135514363 -0.738404495494655 -0.127913589897235 0.13155233261011
0.243982264520793 0.151025299033354 0.16121429216983 0.816190801004216 0.771604714628119 0.784528230804708
1.02164120639159 0.948047135417967 0.768522952545363 1.26173875550848 1.13217508855312 1.17140532387181
-0.944350276539004 -1.12083897619242 -0.66518379529161 -0.302765868726246 -0.361161535879176 -0.812513415648981
-0.882941277956733 -0.856333292789643 -0.872076650450055 -0.263839416175808 -1.08195794587295 -0.723606750086343
-0.553195114289057 -0.973519845256344 -0.202670638348785 0.0687837889384251 -0.644584817505748 -1.53582147284358
0.884964040365401 1.01208697489998 0.5929397772316 1.19321670044249 1.15670417257173 1.01942454912707
0.509595479986698 0.413524424021221 0.233067529557291 0.972417859142598 0.902688261714256 0.836127882503198
6.2247756300903 6.09604727387602 6.24243102867656 1.89727741150214 2.17422029049753 2.33492395288768
0.696602565835211 0.570353210575377 0.493936255402531 1.04930585322026 0.983275530430562 0.976593547514463
0.808898596733523 0.597025022986763 0.449621546938013 -2.3012807417388 -2.11062574383052 -2.16399384493917
0.452503261403657 0.30389846719846 0.241429066538969 0.933673531595041 0.840191218526963 0.844093587355854
-0.530555086743342 -1.08274233620408 -0.774276146955236 -1.19227968079346 -0.483907561570595 -0.646436752983839
1.5955225736438 3.34594648656797 -0.472181792593262 -1.99077506292677 -2.74331277824957 -1.12346093746004
0.206644179535703 -0.0256095606424039 -0.0325389606605655 -1.92141932207325 -1.70532602198479 -1.7400978775488
-0.451521741749275 -1.13112830171461 -0.523684954097271 -1.23861545198982 -0.599102150202546 -1.1734346677424
-0.44227112702741 -1.02336103130456 -0.776406399023035 -1.38591629435071 -0.263233003681033 -0.212668519343429
-0.904165548708669 -1.08119126264982 -0.873275173326619 -0.582639605242181 -0.48336562183155 -0.625463291424624
0.111893723857392 0.162056577221822 0.359733164878273 0.711617466552299 0.760811256757976 0.781197190452157
0.232488694731516 0.695955208585398 0.291400120986534 0.448387006288279 0.958945093206078 0.782695022930229
0.906306735368463 0.594207136391291 0.593857971186506 1.19893110424944 0.997081357202999 1.02705333738203
-0.935134653964845 -0.621743972413903 -0.739173602949619 -0.184410044642942 -0.0452311760061381 -0.244073035219822
0.708333662529242 0.754571595084187 0.736342208007088 -2.19415390537581 -2.12818712658258 -2.26905149236506
0.453341686261026 0.355269997162206 0.246201675303504 0.988242365194156 0.879402017790838 0.859819595329327
0.644488849291041 0.799505364568141 0.616955666820092 1.00339771804514 1.03004497838854 1.02555206613903
-0.69180949757916 0.674582257363738 -0.587989795200566 -1.14858577139841 -1.16134023467458 -0.100997850983921
-0.20415656980966 -0.40299024650429 -0.202946949638413 0.408462307338403 0.273220401634314 0.339611179575911
0.594035351280836 0.274470927502557 0.243957628717583 0.966859418684786 0.80034294454105 0.800502608638023
-0.07649243626498 0.465620171223001 0.340748549171621 0.474654766607551 0.908788976727955 0.867714958499671
0.755266880375302 0.778503543947561 0.57172859811923 1.14852251426852 1.12533706660892 1.09217242520479
-0.590409130491861 -0.233398668720133 -0.120511600400942 -1.13991802316 -1.49913289844569 -0.0730349137470506
-0.718750920380723 -1.0624117407515 -0.709053666333213 -0.107451826796202 -0.760228997535307 -0.833263373466103
-0.679058939123133 -0.63764699597469 -0.651537383963445 -0.607679092923056 -1.26762692608454 -1.08102787132344
1.04245566546188 0.880136126024824 0.733041635690005 1.30714467154281 1.15651410256507 1.16655086041683
0.716058387410855 0.599285855020626 0.435944215779741 1.04233566517223 0.96761844993496 0.943380542261565
-0.496053568486007 -0.928347538489584 -0.381781454853349 -0.573793073258757 -0.373714314240677 -0.357697242455352
-0.35365942938394 0.42782329650563 -0.68281648065137 -0.787544557137798 -1.89045643242483 -0.875764679939521
12.4856514055254 1.45983250012256 -0.778390267663698 -5.16774870448033 -2.44198063885101 -1.02417482567288
1.26826653497905 1.05331830039886 1.199183512078 1.39118687020917 1.22507898072434 1.38047062775817
0.148314363788617 0.284542981437246 0.108963418718086 0.725415593535885 0.823763333421285 0.73537582329226
0.0609003924230519 0.0173151451862542 0.0506986549378844 0.694160183500693 0.704682654170932 0.738301540970485
-0.161786517997986 0.869987765632677 -0.613827637155032 0.102564342625907 0.716386500520908 -0.195975731970332
-1.01575826343248 -0.817159740010088 -0.908534185037647 -0.662024762873177 -1.16253718346698 -0.73729904050251
-0.979038714254991 1.95574251832331 0.0254246117106141 -0.351499035604138 -2.50953387822488 0.593643987407731
0.744741267903042 0.516795732537171 0.40967894815753 1.09626977974927 0.977044064984919 0.960972390143362
-0.949919554512948 -1.01172139834589 -0.782903671978861 -0.734543247587789 -0.695371314475532 -0.825937574356056
0.965713756651058 0.773113209261965 0.592274022999018 1.18482838866123 1.04219356000774 1.02494456721702
-0.4747073423507 -0.880286666138438 -0.812711072224847 -1.26482511038634 -0.161799728426453 -0.218221895073203
1.07007287500736 0.844925446140143 0.663803801893714 1.29499544198967 1.15628181584011 1.13775635276197
0.398935601495657 0.769014089725545 0.504115758638863 -2.03402380822759 -2.11507132445385 -2.15537148772957
-0.866868328104811 -0.980052988865584 -0.654307649634525 -0.747561228135424 -0.80596086562379 -0.198880629113631
-0.469844934581083 -0.931412135074537 -0.696293499642333 -1.01984451917611 -0.37797574629813 -0.153459946326155
-0.851728646455181 -0.963205572283719 -0.668884346010697 -0.6969628037873 -0.907669758441047 -1.08212733438256
-0.868820241475391 -1.06405853479633 -0.674180722642162 -0.866129037280233 -0.448493744740765 -1.0782738895104
-0.891694477082312 -1.0814590136965 -0.841023390087085 -0.562279777014931 -0.459698951493436 -0.538044926471387
-0.790711676032028 -1.03425253551335 -0.800193998514391 -0.794616569683191 -0.351982712777519 -0.399772313034429
-0.288069506237238 -0.564368081658556 -0.215857244325762 0.373474586128453 0.0849885593827402 0.153979572456326
-0.180087539948261 -1.06683889954724 -0.178003776082333 -0.866238868946455 -0.244594276809713 0.203173464850794
-0.451513226138416 -0.140827445057782 -0.736707500284458 -0.934753002896305 -0.531089386703717 -0.743463547726951
0.882799730278423 0.899397877501606 0.783287034059313 1.20511870157935 1.11865860135454 1.13846640362058
1.28219570204823 0.890963882972855 0.977106310823978 1.32190410914534 1.07942323013427 1.18507887604405
-0.270037102790934 0.16708050346395 0.233388743401502 -1.40244306170998 -1.73135405816962 -1.88056555654764
-0.763995367714238 -1.15634377083313 -0.709184241316465 -0.756409072735212 -0.715968832018219 -0.378029983682086
-0.980100680910736 -1.19175725209489 -0.887954116018694 -0.648941098152846 -0.565353535262706 -0.428851086323923
-0.916404869316746 -0.800824671205298 -0.823974691446483 -0.3459668611335 -1.12593865557151 -0.615838069389521
-0.999727294099719 -0.98944291324608 -0.848609240152793 -0.6182202470697 -1.02962151464141 -0.843323215221961
0.456341750424624 0.314220594626802 -0.0757916704685543 0.981783734311788 0.863222777091728 0.511258307934412
-0.849033026313202 -0.659491424173369 -0.602092746391025 -1.08774645701969 -0.75617205411425 -0.110253278837795
-0.728433648268409 -0.232350899441346 -0.279440472527893 -0.0904292527774182 0.323628085855724 0.29287480853686
5.35326605777686 8.42601151657485 8.40156616334359 -3.05688861504002 -3.64684926547821 -3.82834233472438
0.0631657686794193 0.369850639681465 0.265987332326599 -1.74360017302068 -1.92035525907723 -1.99692388247339
-0.325869532668115 -0.871461293420106 -0.749311329313585 -1.51414786922063 -1.09013717066429 -1.12689496302287
1.70357995018603 -0.146428006945853 -0.504188465127898 1.37981722669318 -0.218383314477864 -0.433220793731625
0.287676416823904 0.437179905098528 0.359593408179455 0.860680178624082 0.940786526546508 0.948005525714293
0.669878275014159 0.744138628848714 0.629663535433254 1.09119176048545 1.03914942943792 1.04973252735063
1.40043545277458 1.09030761727228 0.832060981364866 1.46087954042277 1.22194676706446 1.16900100384464
0.290884559833803 0.229666606587705 0.0219725030150569 0.801656653355041 0.761053009522277 0.56328365427217
-0.795557522770049 -0.109478417935898 -0.544899719362867 -0.591602809089738 -1.42267032950636 -1.1977149592932
0.736893052109782 0.73685207833475 0.544974347667308 1.07084479293171 1.03486099475212 1.01452822880866
0.200240973137344 0.26668092236956 0.239097568677501 -1.86194970010193 -1.87924708546889 -2.03699018730572
0.276458868802902 0.306600411311263 0.246125802662376 0.833145245716398 0.839195463522158 0.800827936922356
0.0934909725755969 0.57082194827397 0.508033459814077 0.646291252953472 0.989920843921294 0.938503647792883
0.742025964775204 0.275349314842285 0.0541790389272237 1.08418462667684 0.775392394814003 0.579802926099601
0.711273430296846 0.427344530172819 0.243498807838682 0.947546975508057 0.811183065361847 0.706455994536477
-0.727258411854638 -0.483630186272632 -0.421877880420692 -0.347502405504461 0.0159402712689581 0.196635784967747
-0.574215117750565 -0.330350653864102 -0.414643670375133 -0.496537730761438 -0.0270418257458982 -0.418055827958383
-0.207746284978841 -0.655284092064649 -0.816999939365649 0.0925618610852291 -0.15766008545384 -0.451149452427736
0.179346411951413 0.382407588851445 0.525486832851356 -1.77510418435204 -1.86728514344611 -2.06208847594657
-0.922498178000934 -0.869226105586193 -0.546653850883135 -0.462389011471318 -0.543638895566925 -1.01144578991576
0.29900837894946 0.367530461903805 0.314054838082962 0.845411934389912 0.855870185206768 0.856289983663564
0.245616353540531 0.226305732800043 -0.124886111236416 0.696694339281427 0.659508423793555 0.454314519632487
-0.530910208656114 -1.01040026908632 -0.696167703490491 -1.28124600049407 -0.65901248571602 -1.0721655252736
0.742231744304989 0.569592338991854 0.605740894749529 1.06349168504015 0.870830667597255 1.05869004482441
0.482216304337902 0.364772444517978 0.26370398343252 1.05746662619534 0.960522946584986 0.939556733618998
-0.709713499930031 -0.514041647317093 -0.707709799222034 -1.10683995671617 -1.30404859470193 -1.04740460489856
-0.95972320365128 -1.0248860532496 -0.734738905429762 -0.484980966034977 -0.614177997833056 -0.850221734318877
0.482428449562392 0.261071410397096 0.18954274026215 0.91172253728854 0.641615941992191 0.679136635151821
0.168027753864852 0.220727141768478 -0.0291176549449729 0.746080169424895 0.770117495731533 0.613958481747885
0.153427940115079 0.445612578745434 0.434773116901548 -1.83732701909587 -1.96662935070339 -2.05332659285808
0.15994197342367 0.362142107738429 0.329934335995404 0.723031809995237 0.792070348491585 0.837375393364107
0.594115190018644 0.73156389970276 0.400711798798408 -2.2294691323041 -2.17788274937753 -2.1631460228834
0.514231656168412 0.787302902271389 0.391178741970881 0.977574299310764 1.06904040833634 0.932491081677296
-0.874269359603689 -0.929108078299343 -0.859352835000703 -0.543950060454716 -0.512044301183854 -0.545038248535153
-0.340034917859123 -0.0373834800836466 -0.394804829782935 0.235366704841181 0.350917469615218 -0.708125744188771
0.431005161040987 0.357123269625753 -0.0592384208006054 -2.03107161917437 -1.90038750435785 -1.65287935530845
0.549916307181261 0.240974094737055 0.290151039503763 0.917085495518395 0.786414791291756 0.824378569866047
0.639213069944797 0.797332146237532 0.630870488006963 1.01567304427961 1.07654952554517 1.07576346673408
0.475112592119421 -0.592504815958549 0.189121694169234 0.785832289053722 0.113677219847415 0.712270259329006
-0.989423853604095 -1.12271239781302 -0.881638817551646 -0.458444575234718 -0.510447407890326 -0.467697551036087
0.150257754358679 0.187732173680352 -0.0159842727925681 0.825244709396073 0.797818216067224 0.681788076912651
0.475460507853709 2.81858955854489 0.631224896350306 -1.85747485107652 -2.65592140040082 -2.17661899853798
2.43434128891767 2.02291244760808 2.19632001004266 -2.78438240094723 -2.1426488883221 1.22352323486184
0.482274812828721 0.404824602516781 0.244024588408753 0.972760409041575 0.885419728093583 0.858075780750286
-0.810183847793187 -0.928806439482924 -0.332024243135523 -0.296421075483344 -0.272347365927891 -1.11589900665716
0.302839425754417 0.38224703007056 0.263939158203409 0.819310015268335 0.873368857725954 0.831464150257795
0.122975371910397 0.433428163128983 0.144960784539135 0.743742219089546 0.914649917157192 0.78811027702916
0.483285221274375 0.557940428648808 0.492958245049512 0.972402568146215 0.975593956853932 0.958024731961522
-0.222874463971927 0.973306592610739 -0.8636816059512 -1.32983348922083 -1.66347469650872 -0.275964860342039
-0.588061779901613 -1.1138498954235 -0.795894683436891 0.017708472977868 -0.33929645196342 -0.769494362993967
-0.887104686856291 -0.763092175441062 -0.745350787243627 -0.53809178216083 0.00774771417917211 -0.259629821334675
0.644830802421102 0.412629670435306 0.422234306092888 -2.17423892540333 -1.9587411575109 -2.10015822385408
-0.956092796628991 -1.10157615545714 -0.5411591692683 -0.378637341451448 -0.448164883840909 -0.924954029635285
0.472270118282966 0.288243204696236 0.153092494728771 0.92193169415596 0.804972714286797 0.741679289620276
0.789694799843271 1.85056759349501 0.470255332451973 -1.53125432316011 1.11533077047305 -0.322926578374482
0.956003042279074 0.515687112656021 0.562450532872108 1.15916626294307 0.91399653455436 0.991251104001717
0.14800586947463 0.195162045852399 0.283920776009367 0.767856620460863 0.788603070219197 0.886943502229711
0.265831108384556 0.306248201184214 0.366179407500626 0.718317534138463 0.810015698650089 0.926556046326624
0.991515683913105 0.814645811139724 0.638881049288543 1.24853512015973 1.11440119865588 1.09170175372358
1.09640646840595 0.896717313965844 0.81794993267646 1.29087864745157 1.11754928528156 1.16906236016824
0.532205995592274 0.36596755049081 0.36212000297479 0.988865045669864 0.863145715343946 0.931331601854584
0.512461699816292 5.79304233624811 0.931323309846253 -1.49456976666338 -3.38238519968155 -2.14201826006747
-0.817658471195185 -0.457401491284259 -0.863208530786516 -0.841024124858066 -1.13922168656117 -0.657130211363472
1.1322997211432 1.24575980538552 0.780590136135525 1.34638568973905 1.2929043204495 1.1944925659613
0.242944624075831 0.183502970115827 0.126871055454555 0.821158811478599 0.750395046648509 0.715569810497309
0.389859787377867 0.243542854988688 0.25781772355451 0.960244042906385 0.868884002017516 0.890881120252684
-0.159728088494819 -0.477510074892178 -0.823027727913484 0.487923748818236 -1.21743589894865 -0.793884115922863
0.0402016717116351 0.667761154045594 0.382310634572048 0.493880026973304 1.04154719294425 0.953131331361388
-0.980970803381321 -0.756661929586636 -0.463793636480855 -0.578273614426212 -0.103158158970924 0.148344927535549
-0.665680771591793 -1.01450950530247 -0.837305437733994 -0.205189170371693 -0.742476847912381 -0.763248710424257
-0.856520198160685 -0.297557689934436 -0.615594245160466 -0.347231247297311 0.262401672997444 -0.190425024277637
0.290912627615402 0.37090582515857 0.245363562868655 0.717896065694281 0.847703233767241 0.82332475403734
1.11587620657542 1.05581406232197 0.938543942153544 1.26498958948022 1.20333953079996 1.2357115592844
-0.555462113362732 -0.182976661197703 0.110874378227837 -0.0753543951019677 -0.308331115586263 0.32055745592646
1.07517446507418 0.923054534035506 0.633162051298969 -2.43750771508995 -2.26593728842159 -2.31420288699287
0.98153713517744 0.821022003450837 0.660950047346338 1.20858025414789 1.07295608030103 1.05054920592436
0.642459353126706 0.589930483017633 0.357866062084005 1.00846369397617 0.958766792220178 0.801178917691205
0.482193909074157 0.50322136425781 0.278140392817701 -1.84443720169577 -1.81135260108784 -1.7846797369026
0.111251077102877 0.0647179950925759 0.0634608234938264 0.816918308430031 0.745817725101272 0.752411898006749
0.933610915743712 0.826507819271388 0.628093334018624 1.18444665609532 1.06428210458999 1.04244032933882
-0.837322629050507 -1.07125964705858 -0.784392569863503 -0.313697161277877 -0.435443664612572 -0.34996248394461
-0.889496497040287 0.96815274520293 -0.0888715398017095 -0.667436618483825 -2.14014206347661 -0.311438729126153
0.107087463846321 0.066878868006779 0.398333427949822 0.526046717495742 0.556842929662298 0.839333240356766
-0.728852021735132 -1.06680915708674 -0.785364168325807 -0.918058390094574 -0.435787619454507 -0.236632279290658
0.342448023172102 0.237772479326387 0.115585902864572 0.837171630866312 0.752111427663458 0.692962058691158
0.586033814799697 0.100441852597245 -0.467196456868348 0.76783131224376 0.350152941590035 -0.0681240238902902
0.0597468099998936 0.175825795215783 0.201563474699998 0.620723666799893 0.717251285089216 0.688245978370695
0.803476314373461 0.711919120836004 0.565553858676158 1.07932929569152 0.984935261698556 0.977057572812664
-0.0211281161955088 0.104996815551384 0.0393184662452078 0.557480245316713 0.716812755033647 0.638768745549352
-0.000260682679094578 0.0200937924054495 0.049149552262913 0.572822634442083 0.623252128327443 0.572022836819406
-0.858649455626259 -0.6420534367653 -0.880483336195644 -0.605365819579963 0.118191462888781 -0.552378263640452
-0.733972257674161 -0.835115737855848 -0.637363671155315 -0.0780370054738247 -0.791068359161808 -0.230237723837493
0.300363620829658 0.282059269451013 0.0380097486400089 0.870232074397944 0.812949228000186 0.688170314545939
-0.0690078192459486 0.145655394665748 -0.0671034000252732 0.548659500976252 0.539904656643572 0.449030298553563
-0.380785887348453 0.105729109188601 0.618803315581167 -1.25006353166563 -1.42504640782352 -1.66597178289281
0.099780980331924 0.0925263607190923 -0.0165384667621543 0.694343897853451 0.700039920542774 0.623258754200337
0.216333110284199 0.149852502253346 0.158326794923921 0.782213786589782 0.741976992465213 0.756801350038725
-0.962544480634917 1.04603312756211 -0.297834070712077 -0.71967155579766 -2.12029810023252 0.364869104764593
-0.917875117181039 -0.927909534797487 -0.763486244477702 -0.465505295124352 -0.0607623384387031 -0.310970648762552
-0.68712487314848 -0.85616078527542 -0.678023433323159 -1.02176219213757 -0.988112661121784 -1.08389566675298
0.194700053891766 0.0953340676333589 0.0349032265260401 0.760489090250523 0.682350132866198 0.638539457683016
0.52583798229202 0.67981844656096 0.366109623017517 1.03619171354972 1.07941182447723 0.977328354901598
-0.640251802871122 -0.895128151762772 -0.67623313865505 -0.700929989748949 -0.852362695814329 -1.02998719561346
-0.755107784889315 -0.892145333077484 -0.67891960726663 0.0184753741891848 -0.00118729148027362 -0.0230411146181001
0.367242636700584 0.324570703184775 -0.0868990236017874 0.914819454979958 0.817871322290884 0.483634460711175
-0.920490064939644 0.29534927114649 0.77676303275338 -0.531195379688027 0.513921816454913 0.879254962104387
-0.0488639021663109 0.312006205143424 0.420625305603194 0.380385247548028 0.746667824307796 0.920399549815027
0.171941016631737 0.352197977380005 0.17454307095793 0.728696055600861 0.808240152000377 0.763536455396062
1.43570426090231 1.62951675591177 1.0415438231493 1.4337194322954 1.40289595544675 1.2807455279785
0.251713216496586 0.0776487845399455 -0.0803490355088385 -1.87637819812718 -1.73061504401135 -1.68124926694674
-0.732336524656976 -0.670400792856376 -0.623680488979349 -0.0636284600809131 0.0837744453487195 -0.0267484868216473
0.176772229473698 0.12326523625952 0.0304666194267405 0.751190155616722 0.696152724508652 0.656866942727323
0.423116541645687 0.902316800322727 0.512714425569094 0.769132503160324 1.05003858890339 0.951249242680521
-0.534527201767603 -0.344073917021376 -0.284222044643534 -0.589780814550365 -1.279650690111 -1.36234080803238
-0.435410576807418 -0.707182762406803 -0.653604842781111 -0.852135989328483 -0.45214681697985 -1.02711544699971
-0.506958037641117 -1.04307571305651 -0.8689359182134 0.203514795974386 -0.275722366117176 -0.783647236698321
0.660847560267585 0.577225295285326 0.0844977904434831 1.02810648118984 0.981116941747969 0.580474623912809
-0.974103857769173 -1.12045884016019 -0.903807319813203 -0.477459538948651 -0.786344791836995 -0.513412706507782
-0.863809852301971 -1.03607777025451 -0.877799562321326 -0.794637049953987 -0.218451843770779 -0.437470306233823
0.54182608586888 0.871345938964362 0.831405184265682 0.921370330717399 1.16411575736313 1.20367871695197
0.535726895621988 -1.04227120706131 -0.668599679529256 -1.67532258941651 -0.697746256133176 -0.905416484097723
0.306521407645764 0.411997282047822 0.149882497825073 0.760704191422842 0.878153927974885 0.671398904737339
0.182113947382255 0.187706160266784 0.253829459738036 0.73061343490942 0.715379376917727 0.807293547074885
0.375329496602986 0.19392693126506 -0.0013627826460419 0.780997770357172 0.669077459012766 0.579072514717798
0.801910250435801 0.388559077393802 0.275824744788102 1.05581215604296 0.785646455538269 0.815463673671918
-0.602268462470686 -0.968456583812269 -0.523347455659315 -0.473511505054915 -0.331936997135503 -0.341303319640922
-0.750107020175167 -0.785314843516272 -0.841006699173858 -1.0825054892519 -0.151579436559921 -0.61744180498048
-0.949775719223499 -1.09598259546627 -0.790280288595668 -0.797475210336934 -0.738963021483442 -0.903444249335337
1.29502419167986 1.03664733615894 0.489847633174948 1.18161399208333 1.07918689558167 0.889150786364171
-0.110641479212331 0.883083000403839 0.667044215880345 0.489176103545935 1.05088234156757 1.0326596550441
-0.484982320607791 -0.774468294052928 0.059833967708928 -0.594843140682446 -1.0180851584641 -1.469557487443
-0.862255021343934 -1.10278823780097 -0.921427959193508 -0.942033935603237 -0.64580830398183 -0.507628143529072
-0.602717012430632 -0.486831028645974 -0.696521215176609 -1.04978564525712 -0.881840017281327 -0.726013671121578
0.258964916734289 0.414098727773618 0.243206800708635 0.777442969383202 0.837882853304907 0.741366483225062
0.275008398713753 0.141822829825246 0.0599518478670782 0.793152138966506 0.73004531175864 0.636351202438595
0.270546880913889 0.0253006281626636 0.0372287042873301 0.76866803849549 0.62738581910266 0.610238576823255
0.618777270701799 0.594666898134535 0.476132123234918 1.03899260484306 1.01166171557165 1.01023275819922
0.342102698936619 0.229033120506935 0.23712108617385 0.908126169718122 0.804966954215981 0.86791132000899
-0.486485205866213 -0.621542542394522 0.240565358411744 -0.509591223546536 0.049518359680294 0.372627318183121
-0.287615803232412 -0.894635716019037 -0.844373193534506 0.228143533813713 -0.36390648323687 -0.508165951441685
0.680616408896331 0.727269759470734 0.634702462528937 1.093331075319 0.993890959943178 1.01096618400593
1.0286746354091 1.13432433953308 0.937517740803681 1.10144579537174 1.17912760928619 1.16937409788535
0.484921474243525 0.478759296308208 0.301340785914457 0.888884432497857 0.82515476962937 0.812966299729189
0.846511243493663 0.945551367495957 0.689437628744905 1.05255381336686 1.03508395352287 1.02907796575184
1.00165008840178 1.31961882498886 1.06471750724048 1.2388225748331 1.27276903010934 1.29279887726896
-0.934073573651638 -0.902022043779502 -0.864285306686752 -0.509583956607059 -0.0157592321448687 -0.309560673564467
0.27363517639177 0.264690748646616 0.282125335187374 0.724317519458646 0.735625775062734 0.789964026478201
0.222528307944412 -0.0431986820058529 -0.0150092684449414 0.748122685382962 0.617390627196416 0.643958232247031
-1.01683445362054 -1.06823148409704 -0.803836015410658 -0.628669150248265 -0.645233898001824 -0.408367751505459
3.26859012007689 2.11470633598961 1.48565535922605 1.73713807492011 1.36934956852958 1.08007450957421
0.0127272535144921 -0.74889477405031 -0.78851239076462 -1.57687890292422 -0.969165080554484 -0.664450432199174
0.359263331790807 0.660636939130957 0.328062976703172 0.842814765416875 0.923301642273507 0.856883042587904
-0.819667360965956 -1.04601099984296 -0.873355004917404 -0.749346205761093 -0.480260685143457 -0.570100876054841
-0.834924396304089 -1.07654127553141 -0.870784281476336 -0.997430002700555 -0.740770216778654 -0.724988599889524
-0.457033127626398 -0.780914402483599 -0.113844374710788 0.0389634323837078 -0.193771555896632 0.193369121656375
-0.926810947166015 -0.89649928074551 0.036862368098284 -0.803986316734001 -0.0524889104117544 0.601333902897365
-0.691889797444039 -1.00762652486811 0.59338495699062 -1.01479485318684 -0.7338282089094 0.227235259625218
-0.581884446981519 -1.09966756193577 -0.597790006283813 -0.0286885169552665 -0.404346364637546 -0.22000701076814
0.722771705683406 0.577181429177863 0.798348020770236 1.04653948221896 0.875671119931914 1.06753391371786
-0.952162541549152 -1.0389124108333 -0.817471019227441 -0.394478583932899 -0.406931946217916 -0.803503648056773
0.0343674707368171 0.461899714857091 0.528743484693659 0.590335120353704 0.913421950063738 1.04755050562511
-0.94645571322972 -1.09004999048264 -0.728272726161006 -0.527772400984109 -0.539410276975815 -0.2206274061646
0.391651673852464 0.775303893384682 0.449258197970362 0.876353510989646 1.00054283860667 0.902141223319423
-0.476581038312168 -0.918815936116097 -0.129205204668142 -1.1054188545609 -0.742859320160127 -1.54257760763717
0.511422869393082 0.278606923680456 0.0327473055560726 -2.10483721696876 -1.85141259781623 -1.70920799599836
-0.0606872197379434 0.0148458909296796 0.0688892862078146 0.49889265919857 0.586842357274308 0.61219550187517
0.205823002641838 0.00861380118114639 0.0485092493843771 0.737444267069096 0.654312552699553 0.634992258775328
0.987024082775554 1.06547176394348 0.878190119770005 1.26041979264154 1.22179474317479 1.20598211422676
0.838121137799173 0.93158689963809 0.599423704297307 1.14108629868091 1.13320211545635 1.05032004106721
0.624671646189907 0.445008248097699 0.392259918597255 0.971283107175033 0.85832691688294 0.85392873699052
-0.959823719165441 -1.03352415282442 -0.894935015320606 -0.506019959375883 -0.587459903719827 -0.57311259551591
-0.192351729656976 -0.846447856230206 -0.826910974374068 0.572562819508732 0.00482689457914833 -0.261039937074748
-0.817934279853303 -1.03360979172476 -0.960104170499559 -0.967751882695391 -0.226220114118814 -0.593853994785609
0.427555832254383 0.916357692483883 0.491021462456671 0.793730728886459 1.09365540677617 0.986947260226917
-0.767537636687718 2.42668876699643 -0.68018504970258 -0.835934709009859 -2.05028637180704 -0.59963814055566
0.0501718400369287 0.232718399057857 0.211594538727497 -1.59748545588716 -1.66199264043532 -1.74134175018071
-0.895156916365855 -0.710599016501501 -0.509325276164865 -1.07438798378124 -1.20016909519381 -1.30941787094647
0.786415892155709 -0.301786882420526 -0.849629069885509 0.946102859928041 0.42278581464546 -0.37555994799893
0.2217675588841 0.324002287081593 0.202772621287842 0.860972447504156 0.875927368070085 0.840944424828672
-0.770950708757184 -0.631844417602998 -0.104697132317092 -0.553004374533021 -0.357167868406209 -1.59248519041864
-0.995585243366412 -0.900040145175512 -0.662922160983538 -0.498214478966809 -0.317238722755323 -0.00937513364183865
0.863103979627605 -0.904805489945779 -0.72130255624459 0.955569615005379 -0.155003938405623 -0.138906661351786
-1.03875665907063 -0.960550674843021 -0.919390463716495 -0.493923829018717 -1.16611514422261 -0.548020404893636
1.30217230540093 1.20670796048602 0.708001851355804 -2.55263069440951 -2.38269261145126 -2.33978931805115
-0.615478963093681 -0.931541354171561 -0.532671193337186 -0.489771769342559 -0.481824425520456 -0.845209294635963
0.377308833990131 0.452060044288062 0.397721044360673 0.845113156984327 0.889566483072046 0.880522596640938
-0.190430888841498 0.0111559332357068 -0.457909869749154 0.019386614363635 0.386100035547075 0.0895413535949024
-0.0425948902490717 0.119746511763867 0.0750827817910204 0.600332068710213 0.735357593626392 0.723147329237447
0.944248361058167 0.786178692866622 0.534609348090383 1.19882166920518 1.01819072919667 0.941268017998574
0.238757340567732 0.576031402103232 0.454568379649725 0.694836542326395 0.999917644993616 0.97965319281728
0.660462691817421 0.713068802298884 0.753039786459794 0.888390000468691 0.989599225650128 1.05238799159626
-0.138891171579021 -0.122154918952795 1.01877115039891 -1.45709390330696 -1.1697519069232 -1.5204266760998
-0.374348581095011 -0.444748020902642 -0.78968730754756 -1.4191317799666 -0.110940213653904 -0.581245326327178
-0.751471284603701 -0.34572262002157 -0.674926723938513 -0.104062496167737 -1.32264919396688 -0.321370290496971
0.348395844609725 0.118761513045433 0.233818631997937 0.826942228138233 0.600544350276249 0.759839598106223
0.754929503094783 0.0538207669012684 2.54689755260261 0.836961024425563 0.475165673473426 1.55774107622885
0.566084425738243 0.470072989042533 0.427614236564111 0.978536340564541 0.931141534790833 0.940928935212321
0.279551796953511 0.0921652888190632 -0.0208096305212755 0.785300230131765 0.672828124914129 0.560194867975477
0.614302413406097 -0.949255549297276 0.340031042508327 -1.77914445014346 -0.679811373173004 -1.567556426134
-0.390214449567429 -0.709376118693405 -0.367556201277868 -0.517945567829428 -0.773001439227817 -0.998018124927167
-0.890562210227356 0.008249003827498 2.07702589462906 -0.465687769289241 -1.4638544233585 -1.91349923796392
-0.559504687267705 0.810660161958037 -0.875568164012176 -1.27992278826059 0.413965797907647 -0.688297792355067
0.285060054477789 0.364406010877473 0.14227493217054 0.851545538009938 0.874586954478275 0.770187386303693
0.571448080140363 0.686919586068898 0.510948354555135 0.93499540480265 1.0344040447865 1.03780148523022
