43
1,1,1,-0.156447,1,2,3
2,1,1,-0.332952,0,4,5
3,1,3,-0.131716,1,6,7
4,1,3,-0.919189,0,8,9
5,1,1,-0.226582,0,10,11
6,1,5,0.386469,0,12,13
7,1,2,1.740042,1,14,15
8,0,0,0.000000,0,0,0
9,1,4,0.245435,0,16,17
10,1,3,-0.783194,1,18,19
11,0,0,0.000000,0,0,0
12,0,0,0.000000,0,0,0
13,0,0,0.000000,1,0,0
14,1,2,-0.108879,1,20,21
15,0,0,0.000000,0,0,0
16,1,4,-1.314785,0,22,23
17,0,0,0.000000,0,0,0
18,0,0,0.000000,0,0,0
19,0,0,0.000000,1,0,0
20,0,0,0.000000,0,0,0
21,1,3,1.339386,1,24,25
22,0,0,0.000000,0,0,0
23,1,3,-0.748036,0,26,27
24,1,3,0.610260,1,28,29
25,0,0,0.000000,0,0,0
26,0,0,0.000000,0,0,0
27,1,2,-1.150366,0,30,31
28,0,0,0.000000,1,0,0
29,1,2,0.520772,1,32,33
30,0,0,0.000000,1,0,0
31,1,3,-0.742262,0,34,35
32,0,0,0.000000,0,0,0
33,0,0,0.000000,1,0,0
34,0,0,0.000000,1,0,0
35,1,6,-0.762318,0,36,37
36,0,0,0.000000,0,0,0
37,1,6,-0.748887,0,38,39
38,0,0,0.000000,1,0,0
39,1,3,-0.585936,0,40,41
40,0,0,0.000000,0,0,0
41,1,3,-0.581212,0,42,43
42,0,0,0.000000,1,0,0
43,0,0,0.000000,0,0,0
