131 6
-0.7694982616 -0.9095857279 -0.7187820948 -0.7548117194 -0.7494840485 -0.7543097878 
-0.9918864426 -1.0568923420 0.2445029441 -0.5877312710 -0.5430758800 0.2135635150 
-0.1920291698 -0.1776730448 0.0783714694 -1.4499785713 0.3674522268 0.6020106721 
-0.7970359901 -0.6264155152 1.8007891294 -0.2925245098 0.0625670462 -2.2331689263 
1.0315873477 0.9237638024 0.8089854665 -2.3456254668 -2.1734691252 -2.3133733463 
-0.7820619641 -0.6686858771 1.3106450199 -0.7851206053 -0.8278788614 -2.3978800159 
-0.2773795710 -0.2523922801 -0.3299585430 0.4451568894 0.4652382919 0.3629145362 
-0.5399227491 0.4150015896 -0.0963306580 -1.3483236364 -1.8058309067 0.2428560547 
-0.2393472356 -0.1275137806 0.0516424601 0.1859856744 0.4164849640 0.5340559964 
-0.4169060187 0.0693879239 -0.1535599439 0.2555038983 0.6270341750 0.4638370965 
0.1548844259 -0.1483394978 -0.3153337933 0.7340508418 0.5647845331 0.2951592186 
0.3932286596 -0.9140689819 -0.5772501806 0.6535326735 -0.0403516397 0.0126241519 
-0.5403746415 4.1096836517 4.1751435703 0.1566389036 1.5354510411 2.1658224274 
-0.9468969831 -1.0942618472 -0.4525481800 -0.6970196994 -0.3492481650 -0.8038115610 
1.0630732841 0.4643617570 0.8168274859 1.0589455925 0.8847974194 0.9493036312 
-0.7383599841 0.2845593668 0.2623925017 -0.0709484275 0.8187143581 0.8240774068 
0.8563786809 -1.0206905611 -0.6274213979 0.8551758514 -0.4717968208 -0.9563419829 
-0.9992058776 -0.8206570029 -0.6720587864 -0.5409661364 -0.8227827785 0.0430235429 
-0.7723543211 -0.3713598394 -0.6500793944 -1.1331277199 -1.5597744399 -1.2111870392 
-0.0057618240 0.0011377370 -0.4631487811 -1.3606835025 0.5724214659 -1.1498516270 
-0.6927181255 -0.8599565768 -0.7305961867 -1.2752367740 -1.1518864362 -1.1770512726 
-0.3166990138 0.2626592474 0.2115747538 -1.6497088098 -1.9637738862 -2.0441517717 
-0.8549781765 6.4422385093 -0.5586151496 -0.9745701426 1.8840537260 -0.2725903434 
-0.8032302749 -0.2594991077 0.2870522023 -0.2463222727 0.0219614461 0.4532108002 
0.1688573477 0.1151493865 0.6113041462 -1.5213698197 -1.1990427368 -1.0095122894 
-0.3247418544 -0.9768347656 -0.2951878164 -0.1648629178 -0.4813713627 -1.5858665306 
-0.6414929610 -0.8017445786 13.2358803238 -0.5279159944 -0.5369543910 4.2180476640 
0.3384723169 1.1789003709 0.6267319184 0.7235106979 1.2118537157 1.0288685959 
-0.6761992210 -0.8596453881 3.4075963579 -0.9936394805 -1.0744337244 -2.8618254504 
-0.0292788137 -0.1876997734 -0.1385468145 0.2894741335 0.1588820229 0.2887409575 
0.4881772071 0.2627852655 0.6741101712 0.6594979569 0.5250362739 0.7450694889 
-0.8895597830 -0.6064299543 1.8550032124 -0.9175249203 -0.0029345912 -2.7240596129 
-0.9004354905 -1.1149890378 -0.8290836988 -0.5471624435 -0.6053978585 -0.6858775879 
6.2099259905 -0.6215196215 -0.8357604050 1.8650043416 -0.1463764321 -0.4135687988 
-0.5133509864 1.5998442822 1.0040198435 -0.2018902088 1.1937184903 -2.1740923428 
-0.4270412587 2.0071058282 -0.8909748658 -0.9069419851 -1.6942998278 -0.4069552260 
-0.9560270670 -0.6584338290 -0.8639560479 -0.5450066478 0.1700302456 -0.4636678459 
-0.3035435675 -0.6192849340 -0.1996086385 -0.3318836348 -1.0772271267 -1.4132702138 
-0.8052884930 -0.8323085009 -0.5838819224 -0.7034149470 -0.1590979027 -0.5575236065 
-0.9462526228 -1.1170363994 -0.9252369822 -0.5494413624 -0.7099509208 -0.6781595744 
-0.3683833435 0.4749467980 0.3042165512 -1.1824645571 0.8452213173 0.8167488630 
2.3804437649 -0.5403704870 -0.7329462755 1.4004480497 -1.1597033501 -1.0070096313 
0.1497921098 -0.4347098235 -0.7279441758 0.7335025952 -1.2284151699 -0.6215591067 
0.2693002172 0.6666581663 0.6475161030 -1.8484140845 -2.1229077480 -2.2668303638 
-0.5668717236 0.3664164579 0.3690935616 -1.1689503909 -1.7580298704 -0.8997992620 
-0.7426717754 -0.9647494908 -0.7818934161 -0.6943502967 -0.9865150835 -0.3513384727 
-0.8586700244 -0.7751834550 -0.2218729991 -0.6093269687 -0.7203029919 -0.1602578726 
0.5034690122 0.0983652849 -0.5997966163 -1.4005541582 -1.2728695202 -0.4614457987 
-0.2693707891 -0.5820760370 -0.1601021810 0.4111365087 0.2405303737 0.3630198001 
0.2673218065 0.6833369777 1.4795882623 0.5807425166 0.8169006259 1.2014779672 
-0.9157640266 -1.0478502262 -0.5538267885 -0.5520804830 -0.3953455108 -0.1921681284 
0.5224698529 -0.2928030580 1.3146230902 0.9522084719 -0.6940867869 -2.2379539193 
0.0364152388 -0.0392430292 0.0865199473 -1.6634991524 -1.6152506283 -1.7513447060 
-0.9230229324 -0.9455038507 -0.5888809722 -0.5249924535 -0.3538939969 -0.5628631627 
-0.7933424497 -0.6361927985 -0.8049403407 0.0520623946 0.3247648422 -0.2280421252 
-1.0014935573 1.3220227934 -0.7382585100 -0.5464472050 1.2856189542 -1.0784893736 
-1.0220055083 -0.9130330339 -0.4789201355 -0.7384044955 -0.1279135899 0.1315523326 
-0.5531951143 -0.9735198453 -0.2026706383 0.0687837889 -0.6445848175 -1.5358214728 
6.2247756301 6.0960472739 6.2424310287 1.8972774115 2.1742202905 2.3349239529 
1.5955225736 3.3459464866 -0.4721817926 -1.9907750629 -2.7433127782 -1.1234609375 
-0.4515217417 -1.1311283017 -0.5236849541 -1.2386154520 -0.5991021502 -1.1734346677 
-0.6918094976 0.6745822574 -0.5879897952 -1.1485857714 -1.1613402347 -0.1009978510 
-0.2041565698 -0.4029902465 -0.2029469496 0.4084623073 0.2732204016 0.3396111796 
-0.5904091305 -0.2333986687 -0.1205116004 -1.1399180232 -1.4991328984 -0.0730349137 
-0.4960535685 -0.9283475385 -0.3817814549 -0.5737930733 -0.3737143142 -0.3576972425 
-0.3536594294 0.4278232965 -0.6828164807 -0.7875445571 -1.8904564324 -0.8757646799 
12.4856514055 1.4598325001 -0.7783902677 -5.1677487045 -2.4419806389 -1.0241748257 
1.2682665350 1.0533183004 1.1991835121 1.3911868702 1.2250789807 1.3804706278 
-0.1617865180 0.8699877656 -0.6138276372 0.1025643426 0.7163865005 -0.1959757320 
-0.9790387143 1.9557425183 0.0254246117 -0.3514990356 -2.5095338782 0.5936439874 
-0.8668683281 -0.9800529889 -0.6543076496 -0.7475612281 -0.8059608656 -0.1988806291 
-0.7907116760 -1.0342525355 -0.8001939985 -0.7946165697 -0.3519827128 -0.3997723130 
-0.2880695062 -0.5643680817 -0.2158572443 0.3734745861 0.0849885594 0.1539795725 
-0.1800875399 -1.0668388995 -0.1780037761 -0.8662388689 -0.2445942768 0.2031734649 
1.2821957020 0.8909638830 0.9771063108 1.3219041091 1.0794232301 1.1850788760 
-0.2700371028 0.1670805035 0.2333887434 -1.4024430617 -1.7313540582 -1.8805655565 
-0.7639953677 -1.1563437708 -0.7091842413 -0.7564090727 -0.7159688320 -0.3780299837 
-0.9801006809 -1.1917572521 -0.8879541160 -0.6489410982 -0.5653535353 -0.4288510863 
-0.9164048693 -0.8008246712 -0.8239746914 -0.3459668611 -1.1259386556 -0.6158380694 
-0.9997272941 -0.9894429132 -0.8486092402 -0.6182202471 -1.0296215146 -0.8433232152 
-0.7284336483 -0.2323508994 -0.2794404725 -0.0904292528 0.3236280859 0.2928748085 
5.3532660578 8.4260115166 8.4015661633 -3.0568886150 -3.6468492655 -3.8283423347 
-0.3258695327 -0.8714612934 -0.7493113293 -1.5141478692 -1.0901371707 -1.1268949630 
1.7035799502 -0.1464280069 -0.5041884651 1.3798172267 -0.2183833145 -0.4332207937 
0.7420259648 0.2753493148 0.0541790389 1.0841846267 0.7753923948 0.5798029261 
-0.7272584119 -0.4836301863 -0.4218778804 -0.3475024055 0.0159402713 0.1966357850 
0.4310051610 0.3571232696 -0.0592384208 -2.0310716192 -1.9003875044 -1.6528793553 
0.4751125921 -0.5925048160 0.1891216942 0.7858322891 0.1136772198 0.7122702593 
0.4754605079 2.8185895585 0.6312248964 -1.8574748511 -2.6559214004 -2.1766189985 
2.4343412889 2.0229124476 2.1963200100 -2.7843824009 -2.1426488883 1.2235232349 
-0.2228744640 0.9733065926 -0.8636816060 -1.3298334892 -1.6634746965 -0.2759648603 
-0.8871046869 -0.7630921754 -0.7453507872 -0.5380917822 0.0077477142 -0.2596298213 
0.7896947998 1.8505675935 0.4702553325 -1.5312543232 1.1153307705 -0.3229265784 
0.9560030423 0.5156871127 0.5624505329 1.1591662629 0.9139965346 0.9912511040 
0.5124616998 5.7930423362 0.9313233098 -1.4945697667 -3.3823851997 -2.1420182601 
-0.9809708034 -0.7566619296 -0.4637936365 -0.5782736144 -0.1031581590 0.1483449275 
-0.5554621134 -0.1829766612 0.1108743782 -0.0753543951 -0.3083311156 0.3205574559 
-0.8894964970 0.9681527452 -0.0888715398 -0.6674366185 -2.1401420635 -0.3114387291 
0.5860338148 0.1004418526 -0.4671964569 0.7678313122 0.3501529416 -0.0681240239 
-0.8586494556 -0.6420534368 -0.8804833362 -0.6053658196 0.1181914629 -0.5523782636 
-0.3807858873 0.1057291092 0.6188033156 -1.2500635317 -1.4250464078 -1.6659717829 
-0.9625444806 1.0460331276 -0.2978340707 -0.7196715558 -2.1202981002 0.3648691048 
1.4357042609 1.6295167559 1.0415438231 1.4337194323 1.4028959554 1.2807455280 
-0.7323365247 -0.6704007929 -0.6236804890 -0.0636284601 0.0837744453 -0.0267484868 
-0.4354105768 -0.7071827624 -0.6536048428 -0.8521359893 -0.4521468170 -1.0271154470 
-0.9741038578 -1.1204588402 -0.9038073198 -0.4774595389 -0.7863447918 -0.5134127065 
0.5357268956 -1.0422712071 -0.6685996795 -1.6753225894 -0.6977462561 -0.9054164841 
-0.7501070202 -0.7853148435 -0.8410066992 -1.0825054893 -0.1515794366 -0.6174418050 
1.2950241917 1.0366473362 0.4898476332 1.1816139921 1.0791868956 0.8891507864 
-0.1106414792 0.8830830004 0.6670442159 0.4891761035 1.0508823416 1.0326596550 
-0.4864852059 -0.6215425424 0.2405653584 -0.5095912235 0.0495183597 0.3726273182 
-1.0168344536 -1.0682314841 -0.8038360154 -0.6286691502 -0.6452338980 -0.4083677515 
3.2685901201 2.1147063360 1.4856553592 1.7371380749 1.3693495685 1.0800745096 
0.0127272535 -0.7488947741 -0.7885123908 -1.5768789029 -0.9691650806 -0.6644504322 
-0.4570331276 -0.7809144025 -0.1138443747 0.0389634324 -0.1937715559 0.1933691217 
-0.6918897974 -1.0076265249 0.5933849570 -1.0147948532 -0.7338282089 0.2272352596 
0.7227717057 0.5771814292 0.7983480208 1.0465394822 0.8756711199 1.0675339137 
-0.4765810383 -0.9188159361 -0.1292052047 -1.1054188546 -0.7428593202 -1.5425776076 
0.5114228694 0.2786069237 0.0327473056 -2.1048372170 -1.8514125978 -1.7092079960 
-0.1923517297 -0.8464478562 -0.8269109744 0.5725628195 0.0048268946 -0.2610399371 
-0.7675376367 2.4266887670 -0.6801850497 -0.8359347090 -2.0502863718 -0.5996381406 
0.7864158922 -0.3017868824 -0.8496290699 0.9461028599 0.4227858146 -0.3755599480 
-0.7709507088 -0.6318444176 -0.1046971323 -0.5530043745 -0.3571678684 -1.5924851904 
0.8631039796 -0.9048054899 -0.7213025562 0.9555696150 -0.1550039384 -0.1389066614 
-1.0387566591 -0.9605506748 -0.9193904637 -0.4939238290 -1.1661151442 -0.5480204049 
1.3021723054 1.2067079605 0.7080018514 -2.5526306944 -2.3826926115 -2.3397893181 
-0.1904308888 0.0111559332 -0.4579098697 0.0193866144 0.3861000355 0.0895413536 
0.7549295031 0.0538207669 2.5468975526 0.8369610244 0.4751656735 1.5577410762 
0.6143024134 -0.9492555493 0.3400310425 -1.7791444501 -0.6798113732 -1.5675564261 
-0.8905622102 0.0082490038 2.0770258946 -0.4656877693 -1.4638544234 -1.9134992380 
-0.5595046873 0.8106601620 -0.8755681640 -1.2799227883 0.4139657979 -0.6882977924 
131
1.0000000000
0.1654565470
0.1304104948
0.1372491513
0.5604328083
0.0586502133
1.0000000000
1.0000000000
1.0000000000
1.0000000000
1.0000000000
0.1724682054
0.2473338333
0.3452319457
1.0000000000
1.0000000000
0.1516915618
0.1316407843
0.1662937742
0.1445430435
0.7661006045
0.2600307877
0.2474825641
0.2053763496
0.4306340995
1.0000000000
0.2473704826
0.4505721267
0.2390010496
1.0000000000
1.0000000000
0.1403146851
0.2071380153
0.2475276640
0.2448389484
0.0241827493
0.3570050579
0.0718743721
1.0000000000
1.0000000000
0.0346967512
0.2020427794
0.0504184660
0.6853614540
0.2507394890
0.2911434358
1.0000000000
0.1405086767
1.0000000000
1.0000000000
1.0000000000
0.2415055181
1.0000000000
0.9563084163
0.1980736347
0.2002460998
0.6056733724
0.8258217942
0.2474825641
0.2420281143
0.2722322997
0.1951462559
1.0000000000
0.5008247825
0.3080465907
0.1066198525
0.2473606229
0.7759903823
0.2215970253
0.1358551818
1.0000000000
0.8890973189
1.0000000000
0.0043469451
0.0904437106
1.0000000000
1.0000000000
0.0340072892
0.4688974119
0.4371466881
1.0000000000
0.2477272268
1.0000000000
0.2576503233
0.7898867000
1.0000000000
0.3072329658
1.0000000000
0.2752938108
0.2473470110
0.2098317081
1.0000000000
0.2451658580
0.2327113461
0.2473246880
0.2494668631
0.1550815935
0.0403441706
1.0000000000
0.0949594431
1.0000000000
0.3644137781
0.9485594861
0.2561340116
0.2056389016
1.0000000000
0.1475194042
0.1358704100
0.6092581438
1.0000000000
0.0111019246
0.1656579816
0.2706894798
0.3520481723
0.4613141104
0.1413454868
0.6202958894
0.0935458865
0.3510882603
0.1473039481
0.1907516730
1.0000000000
0.1069096373
0.2098621597
1.0000000000
1.0000000000
1.0000000000
1.0000000000
0.2810979245
0.1814581027
0.1013247987
131
1.0000000000
-1.0000000000
-1.0000000000
-1.0000000000
1.0000000000
-1.0000000000
1.0000000000
1.0000000000
1.0000000000
1.0000000000
1.0000000000
-1.0000000000
-1.0000000000
-1.0000000000
-1.0000000000
-1.0000000000
-1.0000000000
-1.0000000000
-1.0000000000
-1.0000000000
-1.0000000000
1.0000000000
-1.0000000000
-1.0000000000
-1.0000000000
1.0000000000
-1.0000000000
1.0000000000
-1.0000000000
-1.0000000000
1.0000000000
-1.0000000000
-1.0000000000
-1.0000000000
-1.0000000000
-1.0000000000
-1.0000000000
-1.0000000000
1.0000000000
1.0000000000
-1.0000000000
-1.0000000000
-1.0000000000
1.0000000000
-1.0000000000
-1.0000000000
1.0000000000
-1.0000000000
1.0000000000
-1.0000000000
1.0000000000
-1.0000000000
1.0000000000
-1.0000000000
-1.0000000000
-1.0000000000
-1.0000000000
-1.0000000000
-1.0000000000
-1.0000000000
-1.0000000000
-1.0000000000
1.0000000000
-1.0000000000
-1.0000000000
-1.0000000000
-1.0000000000
1.0000000000
-1.0000000000
-1.0000000000
-1.0000000000
-1.0000000000
-1.0000000000
-1.0000000000
1.0000000000
1.0000000000
1.0000000000
-1.0000000000
-1.0000000000
-1.0000000000
-1.0000000000
-1.0000000000
1.0000000000
-1.0000000000
1.0000000000
1.0000000000
1.0000000000
-1.0000000000
-1.0000000000
-1.0000000000
-1.0000000000
1.0000000000
-1.0000000000
1.0000000000
-1.0000000000
-1.0000000000
-1.0000000000
-1.0000000000
-1.0000000000
-1.0000000000
-1.0000000000
-1.0000000000
1.0000000000
-1.0000000000
-1.0000000000
-1.0000000000
-1.0000000000
-1.0000000000
1.0000000000
1.0000000000
-1.0000000000
-1.0000000000
-1.0000000000
-1.0000000000
-1.0000000000
-1.0000000000
1.0000000000
-1.0000000000
1.0000000000
-1.0000000000
-1.0000000000
1.0000000000
-1.0000000000
-1.0000000000
1.0000000000
1.0000000000
-1.0000000000
1.0000000000
-1.0000000000
-1.0000000000
-1.0000000000
-0.7525597823
1.0000000000
