2 6
0 1
0.47656     0.52344
-0.42903    -0.44191    -0.33615    -0.55628    -0.55219    -0.53243
0.39061     0.40234     0.30604     0.50647     0.50274     0.48475
0.83372     0.41776     0.29478    0.023077    0.021479     0.06337
0.41776     0.82346     0.44075  -0.0068403   0.0090974    0.063675
0.29478     0.44075     0.89868    0.038318    0.048996     0.15719
0.023077  -0.0068403    0.038318     0.71912      0.5809      0.5358
0.021479   0.0090974    0.048996      0.5809     0.72326      0.5677
0.06337    0.063675     0.15719      0.5358      0.5677     0.74285
