29
1,1,5,0.418376,1,2,3
2,1,4,-1.504359,0,4,5
3,1,4,0.179034,1,6,7
4,1,2,1.333270,1,8,9
5,1,3,-0.913962,0,10,11
6,0,0,0.000000,0,0,0
7,1,3,1.272153,1,12,13
8,1,5,-1.029651,1,14,15
9,0,0,0.000000,0,0,0
10,0,0,0.000000,1,0,0
11,1,3,-0.585936,0,16,17
12,0,0,0.000000,1,0,0
13,0,0,0.000000,0,0,0
14,0,0,0.000000,1,0,0
15,0,0,0.000000,0,0,0
16,1,2,-1.150366,0,18,19
17,1,3,-0.550240,0,20,21
18,0,0,0.000000,0,0,0
19,1,5,0.006287,0,22,23
20,0,0,0.000000,1,0,0
21,1,6,0.195002,0,24,25
22,0,0,0.000000,0,0,0
23,1,2,-0.710763,0,26,27
24,0,0,0.000000,0,0,0
25,1,6,0.267865,0,28,29
26,0,0,0.000000,1,0,0
27,0,0,0.000000,0,0,0
28,0,0,0.000000,1,0,0
29,0,0,0.000000,0,0,0
