35
1,1,5,0.404443,1,2,3
2,1,6,-1.576711,0,4,5
3,1,4,0.154718,1,6,7
4,1,3,0.833833,1,8,9
5,1,6,0.192580,0,10,11
6,0,0,0.000000,0,0,0
7,1,1,3.759900,1,12,13
8,1,2,1.870822,1,14,15
9,0,0,0.000000,0,0,0
10,1,2,-1.116013,0,16,17
11,1,4,-0.428547,0,18,19
12,1,1,1.044934,1,20,21
13,0,0,0.000000,0,0,0
14,0,0,0.000000,1,0,0
15,0,0,0.000000,0,0,0
16,1,5,-0.654527,0,22,23
17,1,1,-1.036102,0,24,25
18,0,0,0.000000,0,0,0
19,0,0,0.000000,1,0,0
20,0,0,0.000000,1,0,0
21,1,1,1.066573,1,26,27
22,0,0,0.000000,1,0,0
23,0,0,0.000000,0,0,0
24,0,0,0.000000,1,0,0
25,1,6,-0.175341,0,28,29
26,0,0,0.000000,0,0,0
27,0,0,0.000000,1,0,0
28,1,5,-0.746172,0,30,31
29,1,6,-0.149582,0,32,33
30,1,5,-0.761243,0,34,35
31,0,0,0.000000,0,0,0
32,0,0,0.000000,1,0,0
33,0,0,0.000000,0,0,0
34,0,0,0.000000,0,0,0
35,0,0,0.000000,1,0,0
