29
1,1,2,-0.089288,1,2,3
2,1,5,0.391969,0,4,5
3,1,1,-0.328367,1,6,7
4,1,6,-0.192803,0,8,9
5,0,0,0.000000,1,0,0
6,0,0,0.000000,0,0,0
7,1,2,1.454658,1,10,11
8,1,2,-1.154911,0,12,13
9,1,6,-0.191297,0,14,15
10,1,3,-0.350363,1,16,17
11,0,0,0.000000,0,0,0
12,0,0,0.000000,0,0,0
13,1,3,-0.919189,0,18,19
14,0,0,0.000000,1,0,0
15,0,0,0.000000,0,0,0
16,0,0,0.000000,0,0,0
17,1,1,1.052764,1,20,21
18,0,0,0.000000,0,0,0
19,1,5,0.006287,0,22,23
20,0,0,0.000000,1,0,0
21,1,1,1.066573,1,24,25
22,1,5,-0.160449,0,26,27
23,0,0,0.000000,0,0,0
24,0,0,0.000000,0,0,0
25,0,0,0.000000,1,0,0
26,0,0,0.000000,0,0,0
27,1,5,-0.158379,0,28,29
28,0,0,0.000000,1,0,0
29,0,0,0.000000,0,0,0
