17
1,1,1,-0.156447,5.000000e-01,2,3
2,1,1,-0.332952,-5.000000e-01,4,5
3,1,3,-0.131716,5.000000e-01,6,7
4,0,0,0.000000,-5.000000e-01,0,0
5,1,1,-0.226582,-5.000000e-01,8,9
6,1,5,0.386469,-5.000000e-01,10,11
7,1,2,1.740042,5.000000e-01,12,13
8,1,3,-0.783194,5.000000e-01,14,15
9,0,0,0.000000,-5.000000e-01,0,0
10,0,0,0.000000,-5.000000e-01,0,0
11,0,0,0.000000,5.000000e-01,0,0
12,1,2,-0.108879,5.000000e-01,16,17
13,0,0,0.000000,-5.000000e-01,0,0
14,0,0,0.000000,-5.000000e-01,0,0
15,0,0,0.000000,5.000000e-01,0,0
16,0,0,0.000000,-5.000000e-01,0,0
17,0,0,0.000000,5.000000e-01,0,0
